redshift: 2.3
F_AP: 4.5579635
sig_F_AP: 0.1367389
speed: 500